95
2230                             0.0000000 0.0093192 0.0061043 0.0142046 0.0142046 0.0144378 0.0144378 0.0151944 0.0162129 0.0144375 0.0145462 0.0145456 0.0140903 0.0152535 0.0314819 0.0363022 0.0162734 0.0190216 0.0152015 0.0189948 0.0307159 0.0159691 0.0156186 0.0159875 0.0153846 0.0169401 0.0180102 0.0162087 0.0185325 0.0147915 0.0147862 0.0366735 0.0153860 0.0157276 0.0155065 0.0167033 0.0551258 0.0152588 0.0387733 0.0158536 0.0165990 0.0151621 0.0240726 0.0147910 0.0154520 0.0022976 0.0158216 0.0317027 0.0173242 0.0159706 0.0368271 0.0178364 0.0364560 0.0173581 0.0151412 0.0313455 0.0163252 0.0172478 0.0264078 0.0151477 0.0149126 0.0193889 0.0205547 0.0172054 0.0166262 0.0157418 0.0196472 0.0163420 0.0208641 0.0156666 0.0040703 0.0158743 0.0667026 0.0534104 0.0155061 0.0157691 0.0202709 0.0152582 0.0145609 0.0151418 0.0308158 0.0355538 0.0144488 0.0162185 0.0174022 0.0143802 0.1048936 0.0173034 0.0151977 0.0147100 0.0140849 0.0157811 0.0141103 0.0150309 0.0309287 
2235                             0.0093192 0.0000000 0.0127229 0.0211058 0.0211058 0.0213475 0.0213475 0.0235724 0.0231945 0.0213499 0.0214568 0.0214558 0.0209906 0.0244634 0.0392804 0.0433406 0.0243467 0.0265171 0.0141294 0.0260970 0.0382897 0.0229384 0.0225781 0.0229641 0.0223360 0.0239548 0.0250679 0.0231909 0.0256200 0.0217181 0.0217106 0.0437190 0.0223382 0.0226856 0.0224650 0.0237094 0.0634152 0.0222024 0.0458859 0.0228218 0.0236087 0.0221097 0.0313801 0.0217150 0.0224750 0.0087392 0.0232471 0.0385827 0.0255091 0.0229431 0.0438784 0.0254918 0.0435006 0.0263151 0.0238320 0.0399894 0.0233086 0.0263307 0.0337951 0.0220897 0.0218456 0.0263872 0.0279564 0.0242418 0.0236432 0.0225864 0.0267858 0.0233350 0.0297809 0.0243102 0.0105885 0.0228492 0.0763297 0.0606536 0.0224635 0.0229907 0.0274370 0.0221988 0.0214801 0.0220814 0.0376635 0.0427047 0.0213656 0.0232016 0.0264554 0.0235489 0.1150430 0.0243368 0.0254914 0.0217574 0.0209804 0.0244197 0.0228873 0.0219684 0.0377806 
2240                             0.0061043 0.0127229 0.0000000 0.0175601 0.0175601 0.0179153 0.0179153 0.0185625 0.0197270 0.0177993 0.0180241 0.0180234 0.0174460 0.0193417 0.0357395 0.0402006 0.0204675 0.0229131 0.0190562 0.0225713 0.0346600 0.0194769 0.0191223 0.0194991 0.0188841 0.0204710 0.0215639 0.0197239 0.0219828 0.0182784 0.0181540 0.0405759 0.0187675 0.0192296 0.0190096 0.0202298 0.0592469 0.0186361 0.0427134 0.0193617 0.0201283 0.0186597 0.0277526 0.0181577 0.0189883 0.0053131 0.0185773 0.0355114 0.0216392 0.0192437 0.0407308 0.0218886 0.0403579 0.0214187 0.0191597 0.0359182 0.0197214 0.0218106 0.0301280 0.0186425 0.0184027 0.0229782 0.0244021 0.0207483 0.0172307 0.0192489 0.0232440 0.0198627 0.0247693 0.0194481 0.0073492 0.0193849 0.0711973 0.0574399 0.0190087 0.0195217 0.0238790 0.0186354 0.0180441 0.0186353 0.0346049 0.0394380 0.0179307 0.0197334 0.0214270 0.0183007 0.1098467 0.0207253 0.0200044 0.0182563 0.0174375 0.0198418 0.0180882 0.0185233 0.0347217 
903043                           0.0142046 0.0211058 0.0175601 0.0000000 0.0000010 0.0021864 0.0021864 0.0075811 0.0064175 0.0008718 0.0027366 0.0027368 0.0009816 0.0106066 0.0295742 0.0351155 0.0036666 0.0107448 0.0018693 0.0074539 0.0214951 0.0108395 0.0079936 0.0084565 0.0104973 0.0117779 0.0101756 0.0115317 0.0068918 0.0020774 0.0018573 0.0351040 0.0028490 0.0043980 0.0044018 0.0110768 0.0495029 0.0025180 0.0374230 0.0107262 0.0114327 0.0096958 0.0162201 0.0022976 0.0264886 0.0136105 0.0020142 0.0304175 0.0084666 0.0031799 0.0352349 0.0048628 0.0351388 0.0095122 0.0077602 0.0218446 0.0067498 0.0061906 0.0148971 0.0029584 0.0042918 0.0081449 0.0123779 0.0117927 0.0057621 0.0106143 0.0101006 0.0061969 0.0125121 0.0069008 0.0150268 0.0050783 0.0636068 0.0497390 0.0048461 0.0108576 0.0142916 0.0036231 0.0018575 0.0029584 0.0294057 0.0339837 0.0038443 0.0106187 0.0132606 0.0039863 0.1022841 0.0069942 0.0057813 0.0031235 0.0022948 0.0040564 0.0102781 0.0026283 0.0296450 
903045                           0.0142046 0.0211058 0.0175601 0.0000010 0.0000000 0.0021864 0.0021864 0.0075811 0.0064175 0.0008718 0.0027366 0.0027368 0.0009816 0.0106066 0.0295742 0.0351155 0.0036666 0.0107448 0.0018693 0.0074539 0.0214951 0.0108395 0.0079936 0.0084565 0.0104973 0.0117779 0.0101756 0.0115317 0.0068918 0.0020774 0.0018573 0.0351040 0.0028490 0.0043980 0.0044018 0.0110768 0.0495029 0.0025180 0.0374230 0.0107262 0.0114327 0.0096958 0.0162201 0.0022976 0.0264886 0.0136105 0.0020142 0.0304175 0.0084666 0.0031799 0.0352349 0.0048628 0.0351388 0.0095122 0.0077602 0.0218446 0.0067498 0.0061906 0.0148971 0.0029584 0.0042918 0.0081449 0.0123779 0.0117927 0.0057621 0.0106143 0.0101006 0.0061969 0.0125121 0.0069008 0.0150268 0.0050783 0.0636068 0.0497390 0.0048461 0.0108576 0.0142916 0.0036231 0.0018575 0.0029584 0.0294057 0.0339837 0.0038443 0.0106187 0.0132606 0.0039863 0.1022841 0.0069942 0.0057813 0.0031235 0.0022948 0.0040564 0.0102781 0.0026283 0.0296450 
BO5.10_local                     0.0144378 0.0213475 0.0179153 0.0021864 0.0021864 0.0000000 0.0000010 0.0075792 0.0068676 0.0021868 0.0022955 0.0022957 0.0014186 0.0108960 0.0298451 0.0348325 0.0040346 0.0112128 0.0022449 0.0074507 0.0218578 0.0108395 0.0082201 0.0086837 0.0104973 0.0117779 0.0104048 0.0115317 0.0071180 0.0016370 0.0018562 0.0350729 0.0039562 0.0046204 0.0041776 0.0115417 0.0500670 0.0022968 0.0371363 0.0107262 0.0118989 0.0101569 0.0165737 0.0020764 0.0267364 0.0138429 0.0034483 0.0301430 0.0084654 0.0034001 0.0349518 0.0058504 0.0348557 0.0097852 0.0076326 0.0218555 0.0071993 0.0057724 0.0156020 0.0038428 0.0054077 0.0088275 0.0128402 0.0120238 0.0058716 0.0106143 0.0107946 0.0061977 0.0130506 0.0071627 0.0152609 0.0048528 0.0637558 0.0495910 0.0050663 0.0110874 0.0146436 0.0040661 0.0022971 0.0007616 0.0291329 0.0337024 0.0038426 0.0106187 0.0135463 0.0037085 0.1026470 0.0067694 0.0062585 0.0022247 0.0025155 0.0050811 0.0105511 0.0037332 0.0293720 
Botrytis_cinerea_B05.10_NCBI_REF 0.0144378 0.0213475 0.0179153 0.0021864 0.0021864 0.0000010 0.0000000 0.0075792 0.0068676 0.0021868 0.0022955 0.0022957 0.0014186 0.0108960 0.0298451 0.0348325 0.0040346 0.0112128 0.0022449 0.0074507 0.0218578 0.0108395 0.0082201 0.0086837 0.0104973 0.0117779 0.0104048 0.0115317 0.0071180 0.0016370 0.0018562 0.0350729 0.0039562 0.0046204 0.0041776 0.0115417 0.0500670 0.0022968 0.0371363 0.0107262 0.0118989 0.0101569 0.0165737 0.0020764 0.0267364 0.0138429 0.0034483 0.0301430 0.0084654 0.0034001 0.0349518 0.0058504 0.0348557 0.0097852 0.0076326 0.0218555 0.0071993 0.0057724 0.0156020 0.0038428 0.0054077 0.0088275 0.0128402 0.0120238 0.0058716 0.0106143 0.0107946 0.0061977 0.0130506 0.0071627 0.0152609 0.0048528 0.0637558 0.0495910 0.0050663 0.0110874 0.0146436 0.0040661 0.0022971 0.0007616 0.0291329 0.0337024 0.0038426 0.0106187 0.0135463 0.0037085 0.1026470 0.0067694 0.0062585 0.0022247 0.0025155 0.0050811 0.0105511 0.0037332 0.0293720 
C12_S_E1_5                       0.0151944 0.0235724 0.0185625 0.0075811 0.0075811 0.0075792 0.0075792 0.0000000 0.0104838 0.0078425 0.0069238 0.0067934 0.0074535 0.0096379 0.0313875 0.0368367 0.0095808 0.0095965 0.0072450 0.0115886 0.0210876 0.0114278 0.0069322 0.0069368 0.0112954 0.0112934 0.0094447 0.0123650 0.0125563 0.0079738 0.0082361 0.0381781 0.0085012 0.0082323 0.0095543 0.0126438 0.0464042 0.0088965 0.0367770 0.0118281 0.0130690 0.0113004 0.0156050 0.0083712 0.0282606 0.0149263 0.0075084 0.0325379 0.0102329 0.0099483 0.0343823 0.0080536 0.0325914 0.0088619 0.0101615 0.0224354 0.0073244 0.0114026 0.0142887 0.0073123 0.0096928 0.0113279 0.0119939 0.0127785 0.0086529 0.0116979 0.0078481 0.0095567 0.0083310 0.0092848 0.0163115 0.0093131 0.0649109 0.0513924 0.0079726 0.0122525 0.0165305 0.0090250 0.0074455 0.0082369 0.0312141 0.0358034 0.0069248 0.0119696 0.0127452 0.0052421 0.1044111 0.0111850 0.0038918 0.0078486 0.0079734 0.0070538 0.0108435 0.0081063 0.0316424 
C12_S_E7_02                      0.0162129 0.0231945 0.0197270 0.0064175 0.0064175 0.0068676 0.0068676 0.0104838 0.0000000 0.0064187 0.0074303 0.0074301 0.0067558 0.0120452 0.0313286 0.0355942 0.0065327 0.0135915 0.0063099 0.0120446 0.0243370 0.0131590 0.0098210 0.0098267 0.0128147 0.0141134 0.0120254 0.0138615 0.0100848 0.0065310 0.0072056 0.0371676 0.0068729 0.0089018 0.0077744 0.0136390 0.0524637 0.0069810 0.0375232 0.0130462 0.0138850 0.0122382 0.0184914 0.0065300 0.0286362 0.0156131 0.0083142 0.0321881 0.0085930 0.0081121 0.0367924 0.0099857 0.0369502 0.0086936 0.0071051 0.0211599 0.0101656 0.0087245 0.0181328 0.0083421 0.0065320 0.0098595 0.0150712 0.0136415 0.0104296 0.0124591 0.0121783 0.0089212 0.0134313 0.0092532 0.0170458 0.0089207 0.0641859 0.0523433 0.0098227 0.0129356 0.0166579 0.0078809 0.0056319 0.0076597 0.0311720 0.0355336 0.0083368 0.0126942 0.0140961 0.0084828 0.1042316 0.0111043 0.0105994 0.0053863 0.0072012 0.0081948 0.0116350 0.0059688 0.0314126 
C12_S_E7_4                       0.0144375 0.0213499 0.0177993 0.0008718 0.0008718 0.0021868 0.0021868 0.0078425 0.0064187 0.0000000 0.0027371 0.0027373 0.0016387 0.0108925 0.0297209 0.0353728 0.0034190 0.0109802 0.0016191 0.0069996 0.0217386 0.0110698 0.0079943 0.0084581 0.0107261 0.0120096 0.0101765 0.0117616 0.0066673 0.0025177 0.0020771 0.0353611 0.0028493 0.0039533 0.0039563 0.0113075 0.0496457 0.0027387 0.0376827 0.0109552 0.0116628 0.0099236 0.0164587 0.0022980 0.0266145 0.0138426 0.0015382 0.0306689 0.0087168 0.0029578 0.0354965 0.0041250 0.0353962 0.0093731 0.0076274 0.0215661 0.0065270 0.0060522 0.0146668 0.0034006 0.0036252 0.0079192 0.0126094 0.0120234 0.0053114 0.0108432 0.0103303 0.0061974 0.0127801 0.0069015 0.0152623 0.0046311 0.0636199 0.0494824 0.0046216 0.0110870 0.0142947 0.0038451 0.0020774 0.0029586 0.0296593 0.0342439 0.0034004 0.0108489 0.0135423 0.0031547 0.1021302 0.0069948 0.0060981 0.0031241 0.0025156 0.0048257 0.0105479 0.0028495 0.0298954 
CH14_ES_11_1                     0.0145462 0.0214568 0.0180241 0.0027366 0.0027366 0.0022955 0.0022955 0.0069238 0.0074303 0.0027371 0.0000000 0.0006526 0.0024071 0.0104611 0.0294178 0.0352128 0.0046521 0.0102741 0.0011190 0.0080163 0.0210044 0.0107199 0.0074287 0.0078888 0.0103792 0.0116586 0.0096027 0.0114128 0.0079092 0.0028465 0.0026270 0.0354534 0.0038462 0.0051766 0.0047330 0.0121165 0.0497766 0.0035109 0.0375199 0.0106079 0.0124751 0.0107278 0.0158617 0.0030684 0.0268465 0.0139528 0.0042881 0.0305154 0.0092167 0.0046191 0.0353323 0.0058513 0.0352362 0.0099210 0.0084111 0.0224029 0.0064103 0.0050727 0.0161904 0.0043971 0.0055201 0.0093974 0.0120282 0.0123690 0.0064332 0.0104949 0.0113703 0.0067592 0.0134530 0.0075527 0.0153693 0.0040711 0.0634463 0.0491759 0.0056237 0.0114310 0.0147525 0.0030685 0.0030678 0.0030677 0.0295038 0.0340813 0.0043968 0.0105005 0.0131168 0.0024635 0.1026553 0.0073288 0.0049911 0.0031224 0.0035073 0.0054667 0.0109560 0.0042873 0.0297467 
CH14_ES_11_5                     0.0145456 0.0214558 0.0180234 0.0027368 0.0027368 0.0022957 0.0022957 0.0067934 0.0074301 0.0027373 0.0006526 0.0000000 0.0024070 0.0103180 0.0296994 0.0352108 0.0046519 0.0102738 0.0011189 0.0080160 0.0210035 0.0107195 0.0074284 0.0078885 0.0103789 0.0116582 0.0096024 0.0114124 0.0079089 0.0028468 0.0026272 0.0354513 0.0038461 0.0051764 0.0047328 0.0121161 0.0497791 0.0035108 0.0372645 0.0106076 0.0124746 0.0107274 0.0158611 0.0030683 0.0268452 0.0139523 0.0042880 0.0305138 0.0090925 0.0046189 0.0353302 0.0057285 0.0352341 0.0097855 0.0082810 0.0224017 0.0064101 0.0049348 0.0161898 0.0043969 0.0055199 0.0093970 0.0120277 0.0123686 0.0064330 0.0104957 0.0113699 0.0067590 0.0133181 0.0074222 0.0153704 0.0040710 0.0631211 0.0491725 0.0056235 0.0114305 0.0147519 0.0030684 0.0030677 0.0030676 0.0295056 0.0340793 0.0043967 0.0105001 0.0129757 0.0023258 0.1024661 0.0073286 0.0048332 0.0031223 0.0035075 0.0053378 0.0108204 0.0042871 0.0297451 
D06_1_30                         0.0140903 0.0209906 0.0174460 0.0009816 0.0009816 0.0014186 0.0014186 0.0074535 0.0067558 0.0016387 0.0024071 0.0024070 0.0000000 0.0104683 0.0297165 0.0347234 0.0039142 0.0106304 0.0014945 0.0072291 0.0212549 0.0104985 0.0078826 0.0083451 0.0101568 0.0114365 0.0100626 0.0111898 0.0065549 0.0013095 0.0013091 0.0349639 0.0034031 0.0042880 0.0040690 0.0111995 0.0496705 0.0017480 0.0370316 0.0103854 0.0115546 0.0098156 0.0161059 0.0017478 0.0263686 0.0134980 0.0023721 0.0300343 0.0085974 0.0035133 0.0348467 0.0057278 0.0347466 0.0093813 0.0077636 0.0218582 0.0066391 0.0054954 0.0157289 0.0032913 0.0050733 0.0089457 0.0122640 0.0116790 0.0056513 0.0102735 0.0102216 0.0060855 0.0123834 0.0067738 0.0149154 0.0047445 0.0636296 0.0497462 0.0047355 0.0107444 0.0142955 0.0032915 0.0021881 0.0021871 0.0290309 0.0335972 0.0037340 0.0102790 0.0131255 0.0038493 0.1023185 0.0066577 0.0056259 0.0023382 0.0019666 0.0044421 0.0101476 0.0034025 0.0292669 
D08_H_6                          0.0152535 0.0244634 0.0193417 0.0106066 0.0106066 0.0108960 0.0108960 0.0096379 0.0120452 0.0108925 0.0104611 0.0103180 0.0104683 0.0000000 0.0304161 0.0338524 0.0120872 0.0143001 0.0093531 0.0156202 0.0258995 0.0017753 0.0113224 0.0113339 0.0019122 0.0017743 0.0140957 0.0031491 0.0157678 0.0107510 0.0111804 0.0373000 0.0094531 0.0116195 0.0122008 0.0052370 0.0401452 0.0114665 0.0356362 0.0017743 0.0059415 0.0037045 0.0209221 0.0108937 0.0293923 0.0146763 0.0108968 0.0309414 0.0114646 0.0123349 0.0330696 0.0122565 0.0296841 0.0111928 0.0111131 0.0264114 0.0120438 0.0130657 0.0178410 0.0107573 0.0111868 0.0142942 0.0172070 0.0073361 0.0129635 0.0028749 0.0100348 0.0108834 0.0091851 0.0097351 0.0166061 0.0120776 0.0649090 0.0517559 0.0120585 0.0074839 0.0099631 0.0113265 0.0104636 0.0116179 0.0295247 0.0342632 0.0110479 0.0053735 0.0046828 0.0103285 0.1003667 0.0154309 0.0105890 0.0106220 0.0113189 0.0106179 0.0034320 0.0109025 0.0301378 
D08_H_8_15                       0.0314819 0.0392804 0.0357395 0.0295742 0.0295742 0.0298451 0.0298451 0.0313875 0.0313286 0.0297209 0.0294178 0.0296994 0.0297165 0.0304161 0.0000000 0.0066683 0.0313322 0.0344128 0.0309526 0.0345219 0.0420959 0.0304425 0.0295509 0.0304525 0.0300142 0.0304325 0.0325026 0.0310255 0.0325517 0.0294098 0.0305759 0.0005010 0.0302885 0.0307478 0.0310292 0.0310447 0.0298677 0.0304275 0.0066601 0.0303017 0.0310942 0.0297208 0.0406571 0.0298574 0.0466997 0.0304583 0.0292497 0.0017626 0.0319654 0.0307184 0.0036770 0.0333015 0.0068013 0.0356414 0.0335790 0.0359060 0.0310135 0.0329258 0.0426373 0.0295818 0.0297078 0.0337943 0.0360937 0.0311940 0.0313975 0.0302900 0.0315139 0.0299781 0.0331542 0.0330409 0.0325331 0.0291497 0.0664546 0.0506480 0.0305949 0.0310547 0.0303002 0.0303045 0.0292719 0.0302837 0.0008790 0.0061466 0.0294401 0.0304433 0.0300494 0.0304278 0.1083325 0.0324023 0.0298791 0.0291746 0.0298514 0.0323711 0.0302765 0.0288517 0.0010050 
D08_H_8_17                       0.0363022 0.0433406 0.0402006 0.0351155 0.0351155 0.0348325 0.0348325 0.0368367 0.0355942 0.0353728 0.0352128 0.0352108 0.0347234 0.0338524 0.0066683 0.0000000 0.0374202 0.0395183 0.0368038 0.0397722 0.0526879 0.0359983 0.0352120 0.0357739 0.0358738 0.0375991 0.0379950 0.0363940 0.0386063 0.0347026 0.0354821 0.0119785 0.0358855 0.0364064 0.0361628 0.0369540 0.0783369 0.0354824 0.0125521 0.0359995 0.0368571 0.0355090 0.0449577 0.0349705 0.0497494 0.0356332 0.0349677 0.0074599 0.0371045 0.0362688 0.0123334 0.0384051 0.0118767 0.0376684 0.0375802 0.0549061 0.0365275 0.0393845 0.0469810 0.0353817 0.0351045 0.0379234 0.0410389 0.0371228 0.0373184 0.0359912 0.0409020 0.0372029 0.0432070 0.0374141 0.0372243 0.0364417 0.0749801 0.0575036 0.0359049 0.0361842 0.0409109 0.0358790 0.0349744 0.0357366 0.0067806 0.0110545 0.0347434 0.0361330 0.0380655 0.0342219 0.1131677 0.0386789 0.0338528 0.0344538 0.0349804 0.0370919 0.0354373 0.0352349 0.0067771 
D08_H_8_3                        0.0162734 0.0243467 0.0204675 0.0036666 0.0036666 0.0040346 0.0040346 0.0095808 0.0065327 0.0034190 0.0046521 0.0046519 0.0039142 0.0120872 0.0313322 0.0374202 0.0000000 0.0126936 0.0049712 0.0088194 0.0247953 0.0123630 0.0095582 0.0100782 0.0119812 0.0134198 0.0117506 0.0131414 0.0090854 0.0039114 0.0046550 0.0377087 0.0047824 0.0056458 0.0049043 0.0126328 0.0562355 0.0045315 0.0398920 0.0122378 0.0134197 0.0115942 0.0186937 0.0042829 0.0300154 0.0158763 0.0048271 0.0318694 0.0101340 0.0040336 0.0343494 0.0067473 0.0371796 0.0109020 0.0093136 0.0251476 0.0085372 0.0075849 0.0179877 0.0052778 0.0054071 0.0103702 0.0142282 0.0135664 0.0071752 0.0121126 0.0127116 0.0080453 0.0145734 0.0085078 0.0172064 0.0067855 0.0639513 0.0510358 0.0060223 0.0126434 0.0163819 0.0059023 0.0032967 0.0049023 0.0308913 0.0349949 0.0047760 0.0122453 0.0150670 0.0057965 0.1059699 0.0088120 0.0081849 0.0043676 0.0048997 0.0060060 0.0116139 0.0046563 0.0312967 
D08_H_8_4                        0.0190216 0.0265171 0.0229131 0.0107448 0.0107448 0.0112128 0.0112128 0.0095965 0.0135915 0.0109802 0.0102741 0.0102738 0.0106304 0.0143001 0.0344128 0.0395183 0.0126936 0.0000000 0.0109258 0.0145825 0.0188989 0.0151170 0.0044983 0.0045015 0.0147628 0.0161033 0.0069173 0.0158413 0.0140072 0.0106293 0.0110967 0.0396348 0.0105168 0.0113237 0.0124042 0.0159768 0.0552766 0.0110981 0.0419170 0.0150012 0.0164773 0.0146523 0.0132189 0.0106277 0.0321662 0.0186418 0.0119466 0.0343680 0.0121179 0.0125137 0.0397746 0.0089123 0.0394128 0.0143982 0.0136384 0.0272461 0.0059892 0.0116771 0.0191555 0.0106208 0.0089947 0.0119753 0.0085487 0.0156518 0.0124419 0.0144101 0.0166790 0.0118228 0.0195883 0.0129206 0.0201293 0.0128965 0.0682689 0.0554289 0.0111014 0.0146745 0.0188725 0.0120398 0.0106316 0.0120405 0.0335787 0.0377907 0.0101594 0.0142971 0.0164844 0.0122891 0.1095130 0.0130213 0.0037315 0.0106565 0.0108581 0.0127640 0.0151294 0.0107492 0.0338268 
D09_Bc11                         0.0152015 0.0141294 0.0190562 0.0018693 0.0018693 0.0022449 0.0022449 0.0072450 0.0063099 0.0016191 0.0011190 0.0011189 0.0014945 0.0093531 0.0309526 0.0368038 0.0049712 0.0109258 0.0000000 0.0082671 0.0230377 0.0099106 0.0078451 0.0079858 0.0093912 0.0107127 0.0096809 0.0106948 0.0074961 0.0024969 0.0019943 0.0372258 0.0026220 0.0047688 0.0045190 0.0114968 0.0547382 0.0027486 0.0394589 0.0096507 0.0117708 0.0099178 0.0171174 0.0024971 0.0285031 0.0145204 0.0032925 0.0315538 0.0083461 0.0042633 0.0372390 0.0056626 0.0368313 0.0091173 0.0070150 0.0233585 0.0057905 0.0028323 0.0162766 0.0042639 0.0055404 0.0091944 0.0124454 0.0119079 0.0064594 0.0095247 0.0114378 0.0065690 0.0138782 0.0070700 0.0156158 0.0038915 0.0680255 0.0523881 0.0051523 0.0109741 0.0144953 0.0016184 0.0027486 0.0029997 0.0304025 0.0325016 0.0042627 0.0097865 0.0125489 0.0020280 0.1027151 0.0068370 0.0050733 0.0033803 0.0027456 0.0057447 0.0101314 0.0041386 0.0302442 
D09_K_2_3                        0.0189948 0.0260970 0.0225713 0.0074539 0.0074539 0.0074507 0.0074507 0.0115886 0.0120446 0.0069996 0.0080163 0.0080160 0.0072291 0.0156202 0.0345219 0.0397722 0.0088194 0.0145825 0.0082671 0.0000000 0.0270094 0.0149579 0.0115745 0.0120502 0.0146085 0.0158087 0.0138053 0.0156669 0.0125559 0.0077925 0.0077940 0.0398866 0.0092794 0.0043052 0.0081408 0.0150907 0.0551085 0.0082498 0.0418692 0.0148425 0.0155776 0.0137941 0.0202332 0.0077956 0.0314965 0.0183843 0.0088326 0.0348391 0.0133417 0.0082489 0.0397699 0.0089998 0.0396687 0.0160339 0.0140053 0.0281674 0.0119199 0.0127769 0.0193564 0.0068850 0.0093956 0.0124372 0.0162893 0.0159418 0.0073625 0.0147289 0.0163505 0.0115949 0.0195528 0.0125010 0.0198432 0.0099784 0.0690263 0.0548061 0.0068855 0.0149811 0.0183943 0.0087108 0.0075674 0.0082462 0.0338138 0.0384964 0.0050823 0.0147366 0.0182100 0.0098060 0.1086634 0.0124138 0.0119640 0.0083970 0.0084694 0.0087457 0.0147270 0.0083613 0.0340523 
D09_K_4_1                        0.0307159 0.0382897 0.0346600 0.0214951 0.0214951 0.0218578 0.0218578 0.0210876 0.0243370 0.0217386 0.0210044 0.0210035 0.0212549 0.0258995 0.0420959 0.0526879 0.0247953 0.0188989 0.0230377 0.0270094 0.0000000 0.0266616 0.0170293 0.0155936 0.0260475 0.0270697 0.0180090 0.0271688 0.0255390 0.0212526 0.0217385 0.0528047 0.0215141 0.0235678 0.0231021 0.0278187 0.0641135 0.0217386 0.0553066 0.0265403 0.0282217 0.0263050 0.0246530 0.0212519 0.0442822 0.0301867 0.0236719 0.0477337 0.0251258 0.0232084 0.0531001 0.0227942 0.0528581 0.0244984 0.0232258 0.0402256 0.0159489 0.0240674 0.0306752 0.0225876 0.0197969 0.0231814 0.0202140 0.0268383 0.0240076 0.0259291 0.0279416 0.0228825 0.0298602 0.0226909 0.0317443 0.0236280 0.0802488 0.0679107 0.0234645 0.0269637 0.0303752 0.0227162 0.0210137 0.0225965 0.0467839 0.0516290 0.0224756 0.0263129 0.0274279 0.0225550 0.1230986 0.0241249 0.0205347 0.0217792 0.0218505 0.0236400 0.0262870 0.0216219 0.0468957 
D09_K_4_2                        0.0159691 0.0229384 0.0194769 0.0108395 0.0108395 0.0108395 0.0108395 0.0114278 0.0131590 0.0110698 0.0107199 0.0107195 0.0104985 0.0017753 0.0304425 0.0359983 0.0123630 0.0151170 0.0099106 0.0149579 0.0266616 0.0000000 0.0119867 0.0122348 0.0018571 0.0036271 0.0142203 0.0027370 0.0150769 0.0109532 0.0111836 0.0359864 0.0100317 0.0117626 0.0120005 0.0048475 0.0413879 0.0114120 0.0381899 0.0018571 0.0063011 0.0035115 0.0204009 0.0109516 0.0282465 0.0149060 0.0118912 0.0310353 0.0130340 0.0121091 0.0359918 0.0134136 0.0357691 0.0141658 0.0118101 0.0289216 0.0125678 0.0129990 0.0214849 0.0109634 0.0114206 0.0146207 0.0167032 0.0075485 0.0132063 0.0032903 0.0167566 0.0126942 0.0180900 0.0121680 0.0168005 0.0122449 0.0653792 0.0512033 0.0121172 0.0066390 0.0089558 0.0114179 0.0104970 0.0116472 0.0301482 0.0346148 0.0109627 0.0046217 0.0056357 0.0109083 0.1063877 0.0151633 0.0112449 0.0108038 0.0111783 0.0120345 0.0042792 0.0113069 0.0302644 
D10_B_F1_6                       0.0156186 0.0225781 0.0191223 0.0079936 0.0079936 0.0082201 0.0082201 0.0069322 0.0098210 0.0079943 0.0074287 0.0074284 0.0078826 0.0113224 0.0295509 0.0352120 0.0095582 0.0044983 0.0078451 0.0115745 0.0170293 0.0119867 0.0000000 0.0017494 0.0116417 0.0129316 0.0034058 0.0126814 0.0110159 0.0076566 0.0081079 0.0354543 0.0075469 0.0084430 0.0093662 0.0128121 0.0503431 0.0081088 0.0377810 0.0118717 0.0132902 0.0115349 0.0096658 0.0076563 0.0279990 0.0150193 0.0091745 0.0306413 0.0084719 0.0097007 0.0355912 0.0068470 0.0353646 0.0104692 0.0097233 0.0229491 0.0031822 0.0087196 0.0158577 0.0078755 0.0054047 0.0089429 0.0064296 0.0124913 0.0093956 0.0113020 0.0131156 0.0093720 0.0157601 0.0104502 0.0164505 0.0098382 0.0650601 0.0510858 0.0083369 0.0115522 0.0158240 0.0090170 0.0076583 0.0090165 0.0297594 0.0342132 0.0072038 0.0113067 0.0134026 0.0093448 0.1044771 0.0099563 0.0043607 0.0079103 0.0078786 0.0099048 0.0119121 0.0077716 0.0298685 
D10_B_F3_5                       0.0159875 0.0229641 0.0194991 0.0084565 0.0084565 0.0086837 0.0086837 0.0069368 0.0098267 0.0084581 0.0078888 0.0078885 0.0083451 0.0113339 0.0304525 0.0357739 0.0100782 0.0045015 0.0079858 0.0120502 0.0155936 0.0122348 0.0017494 0.0000000 0.0118917 0.0131839 0.0027432 0.0129341 0.0114906 0.0081184 0.0085721 0.0360177 0.0082391 0.0089060 0.0093727 0.0130625 0.0509563 0.0085721 0.0383508 0.0121223 0.0135435 0.0117834 0.0092129 0.0081172 0.0284019 0.0153882 0.0094271 0.0311873 0.0080997 0.0101691 0.0361501 0.0067254 0.0359282 0.0101993 0.0094631 0.0230997 0.0025203 0.0083031 0.0153938 0.0083376 0.0054084 0.0084935 0.0059846 0.0127373 0.0098636 0.0115499 0.0133636 0.0100733 0.0157703 0.0109924 0.0168199 0.0103069 0.0654464 0.0516941 0.0088009 0.0120322 0.0160829 0.0094832 0.0074374 0.0094837 0.0302990 0.0347683 0.0076641 0.0117854 0.0134157 0.0093493 0.1051317 0.0101924 0.0046811 0.0079160 0.0083410 0.0101749 0.0121987 0.0082339 0.0304153 
D10_B_S6_1                       0.0153846 0.0223360 0.0188841 0.0104973 0.0104973 0.0104973 0.0104973 0.0112954 0.0128147 0.0107261 0.0103792 0.0103789 0.0101568 0.0019122 0.0300142 0.0358738 0.0119812 0.0147628 0.0093912 0.0146085 0.0260475 0.0018571 0.0116417 0.0118917 0.0000000 0.0028531 0.0138726 0.0025168 0.0147273 0.0106109 0.0108397 0.0358619 0.0096910 0.0114203 0.0116564 0.0054057 0.0407285 0.0110691 0.0380645 0.0017472 0.0052955 0.0040653 0.0200446 0.0106105 0.0276267 0.0143227 0.0116441 0.0309134 0.0126525 0.0117650 0.0358715 0.0130316 0.0356446 0.0143037 0.0116791 0.0286439 0.0122245 0.0127108 0.0212480 0.0106209 0.0110774 0.0143876 0.0163517 0.0069860 0.0128608 0.0027387 0.0164040 0.0123491 0.0179538 0.0120358 0.0162156 0.0119014 0.0645778 0.0510683 0.0117729 0.0069769 0.0086165 0.0110748 0.0101553 0.0113025 0.0300301 0.0344948 0.0106202 0.0049559 0.0052284 0.0110517 0.1054779 0.0148142 0.0115702 0.0104556 0.0108358 0.0119023 0.0044100 0.0109639 0.0301392 
D10_K_S11_06                     0.0169401 0.0239548 0.0204710 0.0117779 0.0117779 0.0117779 0.0117779 0.0112934 0.0141134 0.0120096 0.0116586 0.0116582 0.0114365 0.0017743 0.0304325 0.0375991 0.0134198 0.0161033 0.0107127 0.0158087 0.0270697 0.0036271 0.0129316 0.0131839 0.0028531 0.0000000 0.0151817 0.0042923 0.0158113 0.0118936 0.0121240 0.0375864 0.0109662 0.0127081 0.0129480 0.0064254 0.0396287 0.0123551 0.0388707 0.0028518 0.0069939 0.0050752 0.0214036 0.0118918 0.0292954 0.0158686 0.0131689 0.0325953 0.0140872 0.0130566 0.0362596 0.0144689 0.0373689 0.0144434 0.0119471 0.0302454 0.0135179 0.0143309 0.0223741 0.0119047 0.0123643 0.0157041 0.0176798 0.0078989 0.0135666 0.0036273 0.0159316 0.0135303 0.0171295 0.0120337 0.0177767 0.0131947 0.0650524 0.0524994 0.0130654 0.0084636 0.0096625 0.0123614 0.0114349 0.0125906 0.0317014 0.0362067 0.0119039 0.0063076 0.0049536 0.0110539 0.1060139 0.0161306 0.0112431 0.0117587 0.0121183 0.0119003 0.0045431 0.0122500 0.0318140 
D10_KS12_11                      0.0180102 0.0250679 0.0215639 0.0101756 0.0101756 0.0104048 0.0104048 0.0094447 0.0120254 0.0101765 0.0096027 0.0096024 0.0100626 0.0140957 0.0325026 0.0379950 0.0117506 0.0069173 0.0096809 0.0138053 0.0180090 0.0142203 0.0034058 0.0027432 0.0138726 0.0151817 0.0000000 0.0149254 0.0132434 0.0098339 0.0102914 0.0382389 0.0099570 0.0106282 0.0115657 0.0150585 0.0530710 0.0102915 0.0403246 0.0141054 0.0155444 0.0137644 0.0108364 0.0098335 0.0305602 0.0174038 0.0116795 0.0333594 0.0101265 0.0119024 0.0383790 0.0089914 0.0381503 0.0128082 0.0119766 0.0246114 0.0041846 0.0088647 0.0169531 0.0100536 0.0075546 0.0102188 0.0076841 0.0149725 0.0116015 0.0135281 0.0156124 0.0118088 0.0183934 0.0130013 0.0188534 0.0120464 0.0679337 0.0537828 0.0104055 0.0140183 0.0179994 0.0112106 0.0096073 0.0112112 0.0324663 0.0369857 0.0093754 0.0137682 0.0161306 0.0118002 0.1070354 0.0119296 0.0073911 0.0101308 0.0100587 0.0121719 0.0145408 0.0099508 0.0325791 
D11_H_R3_7                       0.0162087 0.0231909 0.0197239 0.0115317 0.0115317 0.0115317 0.0115317 0.0123650 0.0138615 0.0117616 0.0114128 0.0114124 0.0111898 0.0031491 0.0310255 0.0363940 0.0131414 0.0158413 0.0106948 0.0156669 0.0271688 0.0027370 0.0126814 0.0129341 0.0025168 0.0042923 0.0149254 0.0000000 0.0157864 0.0115308 0.0118757 0.0365093 0.0107209 0.0124597 0.0126974 0.0068639 0.0412571 0.0121062 0.0387166 0.0031763 0.0057436 0.0055123 0.0211332 0.0116454 0.0285036 0.0151423 0.0122720 0.0315456 0.0136792 0.0128060 0.0365183 0.0141882 0.0360354 0.0148600 0.0128714 0.0296269 0.0132676 0.0138657 0.0223420 0.0116567 0.0121153 0.0154459 0.0174173 0.0082303 0.0139111 0.0041751 0.0175934 0.0133935 0.0190561 0.0132376 0.0170432 0.0129447 0.0657100 0.0520178 0.0128145 0.0082195 0.0098764 0.0121124 0.0111882 0.0123411 0.0306600 0.0351385 0.0116559 0.0061855 0.0065865 0.0117735 0.1067578 0.0158719 0.0122220 0.0115083 0.0118715 0.0131033 0.0046725 0.0120013 0.0307690 
D11_KL_tax4                      0.0185325 0.0256200 0.0219828 0.0068918 0.0068918 0.0071180 0.0071180 0.0125563 0.0100848 0.0066673 0.0079092 0.0079089 0.0065549 0.0157678 0.0325517 0.0386063 0.0090854 0.0140072 0.0074961 0.0125559 0.0255390 0.0150769 0.0110159 0.0114906 0.0147273 0.0158113 0.0132434 0.0157864 0.0000000 0.0065543 0.0072311 0.0380818 0.0078021 0.0093939 0.0087139 0.0153310 0.0527850 0.0067806 0.0408240 0.0149614 0.0156972 0.0139123 0.0196585 0.0065540 0.0310144 0.0179230 0.0083483 0.0335716 0.0121970 0.0085951 0.0386043 0.0102775 0.0383751 0.0132656 0.0113504 0.0240944 0.0097472 0.0100544 0.0195086 0.0088265 0.0088342 0.0124571 0.0156030 0.0151088 0.0095514 0.0143664 0.0141073 0.0105582 0.0165221 0.0115641 0.0193796 0.0091808 0.0679282 0.0528217 0.0088277 0.0141528 0.0182607 0.0079088 0.0070059 0.0079129 0.0324233 0.0372077 0.0074616 0.0143740 0.0173287 0.0098210 0.1069041 0.0104624 0.0086844 0.0058665 0.0056512 0.0107519 0.0145910 0.0068908 0.0327892 
D11_M_E01                        0.0147915 0.0217181 0.0182784 0.0020774 0.0020774 0.0016370 0.0016370 0.0079738 0.0065310 0.0025177 0.0028465 0.0028468 0.0013095 0.0107510 0.0294098 0.0347026 0.0039114 0.0106293 0.0024969 0.0077925 0.0212526 0.0109532 0.0076566 0.0081184 0.0106109 0.0118936 0.0098339 0.0115308 0.0065543 0.0000000 0.0019667 0.0349429 0.0034028 0.0049561 0.0036237 0.0116559 0.0500603 0.0015285 0.0370052 0.0108399 0.0120120 0.0102692 0.0163392 0.0015283 0.0271151 0.0141970 0.0038098 0.0300159 0.0083419 0.0037320 0.0348258 0.0062232 0.0347257 0.0088427 0.0072465 0.0215859 0.0066384 0.0052165 0.0152508 0.0039541 0.0048503 0.0084859 0.0122627 0.0121370 0.0062112 0.0107268 0.0104494 0.0058596 0.0125143 0.0062556 0.0156180 0.0049668 0.0635899 0.0496081 0.0054024 0.0112002 0.0147597 0.0041781 0.0017479 0.0024060 0.0290098 0.0335769 0.0041764 0.0107337 0.0134031 0.0041256 0.1021046 0.0066570 0.0065799 0.0018900 0.0028464 0.0049536 0.0104143 0.0029591 0.0292490 
D11_M_E07                        0.0147862 0.0217106 0.0181540 0.0018573 0.0018573 0.0018562 0.0018562 0.0082361 0.0072056 0.0020771 0.0026270 0.0026272 0.0013091 0.0111804 0.0305759 0.0354821 0.0046550 0.0110967 0.0019943 0.0077940 0.0217385 0.0111836 0.0081079 0.0085721 0.0108397 0.0121240 0.0102914 0.0118757 0.0072311 0.0019667 0.0000000 0.0357228 0.0036245 0.0047321 0.0045130 0.0118873 0.0504744 0.0019670 0.0377919 0.0110689 0.0122439 0.0104989 0.0165776 0.0013088 0.0271061 0.0141902 0.0034490 0.0307780 0.0089690 0.0041777 0.0356058 0.0056020 0.0355056 0.0095156 0.0080218 0.0221302 0.0068639 0.0061880 0.0163131 0.0041768 0.0052966 0.0094016 0.0127253 0.0123692 0.0061001 0.0109570 0.0109099 0.0065341 0.0131833 0.0072919 0.0156124 0.0051906 0.0639436 0.0497446 0.0054034 0.0114312 0.0149958 0.0035123 0.0026282 0.0026263 0.0297684 0.0343533 0.0041772 0.0109627 0.0139662 0.0042650 0.1028339 0.0073332 0.0059418 0.0030097 0.0028454 0.0054684 0.0109540 0.0040671 0.0300045 
D11_M_E27                        0.0366735 0.0437190 0.0405759 0.0351040 0.0351040 0.0350729 0.0350729 0.0381781 0.0371676 0.0353611 0.0354534 0.0354513 0.0349639 0.0373000 0.0005010 0.0119785 0.0377087 0.0396348 0.0372258 0.0398866 0.0528047 0.0359864 0.0354543 0.0360177 0.0358619 0.0375864 0.0382389 0.0365093 0.0380818 0.0349429 0.0357228 0.0000000 0.0361275 0.0365207 0.0364050 0.0369416 0.0729232 0.0355955 0.0133869 0.0359875 0.0368448 0.0353697 0.0452048 0.0352111 0.0501334 0.0360046 0.0365646 0.0067773 0.0382261 0.0365110 0.0118617 0.0389625 0.0111742 0.0412866 0.0390614 0.0556459 0.0365146 0.0404957 0.0468339 0.0354961 0.0352221 0.0391257 0.0410226 0.0370938 0.0369237 0.0359793 0.0414078 0.0373177 0.0451926 0.0389023 0.0375966 0.0363030 0.0754723 0.0571645 0.0355136 0.0360248 0.0408964 0.0359933 0.0352150 0.0359775 0.0062135 0.0108221 0.0343543 0.0361048 0.0364631 0.0378378 0.1149370 0.0387920 0.0377699 0.0345718 0.0347171 0.0385771 0.0366629 0.0348451 0.0059849 
D11_M_W04                        0.0153860 0.0223382 0.0187675 0.0028490 0.0028490 0.0039562 0.0039562 0.0085012 0.0068729 0.0028493 0.0038462 0.0038461 0.0034031 0.0094531 0.0302885 0.0358855 0.0047824 0.0105168 0.0026220 0.0092794 0.0215141 0.0100317 0.0075469 0.0082391 0.0096910 0.0109662 0.0099570 0.0107209 0.0078021 0.0034028 0.0036245 0.0361275 0.0000000 0.0061880 0.0051850 0.0102675 0.0482356 0.0036246 0.0382042 0.0099189 0.0106199 0.0088919 0.0164718 0.0031818 0.0277539 0.0147891 0.0044117 0.0311711 0.0089747 0.0045116 0.0360095 0.0063501 0.0359102 0.0095195 0.0077660 0.0217311 0.0065326 0.0067554 0.0156141 0.0054035 0.0049633 0.0088334 0.0123892 0.0107431 0.0075731 0.0098072 0.0105620 0.0064232 0.0129134 0.0070310 0.0162171 0.0068802 0.0642491 0.0503116 0.0067535 0.0098146 0.0134640 0.0056299 0.0029598 0.0047353 0.0301629 0.0345028 0.0056292 0.0095801 0.0121213 0.0060825 0.1029591 0.0079037 0.0065792 0.0040279 0.0045090 0.0067654 0.0091900 0.0041791 0.0303995 
D11_T_B09                        0.0157276 0.0226856 0.0192296 0.0043980 0.0043980 0.0046204 0.0046204 0.0082323 0.0089018 0.0039533 0.0051766 0.0051764 0.0042880 0.0116195 0.0307478 0.0364064 0.0056458 0.0113237 0.0047688 0.0043052 0.0235678 0.0117626 0.0084430 0.0089060 0.0114203 0.0127081 0.0106282 0.0124597 0.0093939 0.0049561 0.0047321 0.0365207 0.0061880 0.0000000 0.0052958 0.0118901 0.0511837 0.0051789 0.0386008 0.0116503 0.0123667 0.0106196 0.0169206 0.0047326 0.0281099 0.0151299 0.0056159 0.0315555 0.0099778 0.0054039 0.0363984 0.0054735 0.0363033 0.0122307 0.0103675 0.0245820 0.0087814 0.0089984 0.0163069 0.0040651 0.0063024 0.0093943 0.0130651 0.0127226 0.0045243 0.0115380 0.0131148 0.0084579 0.0157577 0.0088669 0.0165577 0.0070994 0.0641344 0.0512339 0.0040654 0.0117822 0.0151186 0.0056294 0.0047343 0.0054022 0.0305421 0.0351421 0.0022959 0.0115428 0.0142601 0.0062208 0.1039697 0.0092603 0.0073738 0.0054989 0.0053965 0.0054623 0.0109637 0.0055148 0.0307823 
D11_T_B14                        0.0155065 0.0224650 0.0190096 0.0044018 0.0044018 0.0041776 0.0041776 0.0095543 0.0077744 0.0039563 0.0047330 0.0047328 0.0040690 0.0122008 0.0310292 0.0361628 0.0049043 0.0124042 0.0045190 0.0081408 0.0231021 0.0120005 0.0093662 0.0093727 0.0116564 0.0129480 0.0115657 0.0126974 0.0087139 0.0036237 0.0045130 0.0364050 0.0051850 0.0052958 0.0000000 0.0127083 0.0514930 0.0042912 0.0384850 0.0118867 0.0130673 0.0113128 0.0181385 0.0038469 0.0280162 0.0149091 0.0056211 0.0314402 0.0099776 0.0034025 0.0361600 0.0078449 0.0361876 0.0105965 0.0089303 0.0219825 0.0085642 0.0070327 0.0170384 0.0054071 0.0056324 0.0102096 0.0140173 0.0129557 0.0066679 0.0117743 0.0119542 0.0075565 0.0142666 0.0078242 0.0163383 0.0066514 0.0654283 0.0507421 0.0057432 0.0122504 0.0158335 0.0054098 0.0031803 0.0049575 0.0303066 0.0350304 0.0045140 0.0117805 0.0148337 0.0060812 0.1045645 0.0088147 0.0089886 0.0037997 0.0054012 0.0078063 0.0117813 0.0050712 0.0306672 
D11_T_B18                        0.0167033 0.0237094 0.0202298 0.0110768 0.0110768 0.0115417 0.0115417 0.0126438 0.0136390 0.0113075 0.0121165 0.0121161 0.0111995 0.0052370 0.0310447 0.0369540 0.0126328 0.0159768 0.0114968 0.0150907 0.0278187 0.0048475 0.0128121 0.0130625 0.0054057 0.0064254 0.0150585 0.0068639 0.0153310 0.0116559 0.0118873 0.0369416 0.0102675 0.0118901 0.0127083 0.0000000 0.0439472 0.0121166 0.0390266 0.0049602 0.0054116 0.0017489 0.0212744 0.0116526 0.0289158 0.0156349 0.0126526 0.0319638 0.0120269 0.0125800 0.0365664 0.0135490 0.0367240 0.0151487 0.0126191 0.0287979 0.0135157 0.0144631 0.0217377 0.0113136 0.0116591 0.0147451 0.0175544 0.0084683 0.0133365 0.0061909 0.0164175 0.0131727 0.0182459 0.0132439 0.0175389 0.0136565 0.0662331 0.0523587 0.0121303 0.0071025 0.0105766 0.0127060 0.0109633 0.0122384 0.0309480 0.0355634 0.0110890 0.0073168 0.0086540 0.0130887 0.1071791 0.0161281 0.0130602 0.0115184 0.0114225 0.0128387 0.0040219 0.0115452 0.0311886 
D11_T_B25                        0.0551258 0.0634152 0.0592469 0.0495029 0.0495029 0.0500670 0.0500670 0.0464042 0.0524637 0.0496457 0.0497766 0.0497791 0.0496705 0.0401452 0.0298677 0.0783369 0.0562355 0.0552766 0.0547382 0.0551085 0.0641135 0.0413879 0.0503431 0.0509563 0.0407285 0.0396287 0.0530710 0.0412571 0.0527850 0.0500603 0.0504744 0.0729232 0.0482356 0.0511837 0.0514930 0.0439472 0.0000000 0.0507510 0.0764454 0.0405907 0.0437157 0.0420517 0.0605868 0.0502019 0.0697557 0.0541198 0.0547799 0.0730049 0.0566705 0.0510297 0.0757370 0.0572647 0.0786592 0.0517866 0.0475007 0.0631346 0.0511881 0.0632244 0.0626780 0.0495363 0.0502196 0.0543066 0.0563214 0.0454676 0.0520198 0.0405921 0.0527680 0.0521697 0.0556385 0.0481908 0.0561262 0.0492466 0.1050167 0.0955924 0.0513548 0.0455983 0.0441265 0.0506376 0.0489642 0.0509119 0.0716620 0.0773378 0.0499672 0.0432664 0.0421313 0.0500225 0.1500647 0.0541971 0.0548097 0.0507927 0.0500527 0.0477112 0.0384620 0.0499475 0.0720795 
D11_T_B45                        0.0152588 0.0222024 0.0186361 0.0025180 0.0025180 0.0022968 0.0022968 0.0088965 0.0069810 0.0027387 0.0035109 0.0035108 0.0017480 0.0114665 0.0304275 0.0354824 0.0045315 0.0110981 0.0027486 0.0082498 0.0217386 0.0114120 0.0081088 0.0085721 0.0110691 0.0123551 0.0102915 0.0121062 0.0067806 0.0015285 0.0019670 0.0355955 0.0036246 0.0051789 0.0042912 0.0121166 0.0507510 0.0000000 0.0377967 0.0112986 0.0124738 0.0107267 0.0168131 0.0013094 0.0276118 0.0146627 0.0040507 0.0307782 0.0090980 0.0041777 0.0356061 0.0067199 0.0355058 0.0095161 0.0078930 0.0215774 0.0068640 0.0054947 0.0159648 0.0048451 0.0052966 0.0091741 0.0127258 0.0125994 0.0065521 0.0111864 0.0109100 0.0063101 0.0130506 0.0069036 0.0160889 0.0058637 0.0644178 0.0504341 0.0059639 0.0116602 0.0152293 0.0041785 0.0024082 0.0030687 0.0297720 0.0343535 0.0046227 0.0111924 0.0138247 0.0051021 0.1028527 0.0068832 0.0070566 0.0025623 0.0032885 0.0058573 0.0110893 0.0038457 0.0297587 
D11_T_E01                        0.0387733 0.0458859 0.0427134 0.0374230 0.0374230 0.0371363 0.0371363 0.0367770 0.0375232 0.0376827 0.0375199 0.0372645 0.0370316 0.0356362 0.0066601 0.0125521 0.0398920 0.0419170 0.0394589 0.0418692 0.0553066 0.0381899 0.0377810 0.0383508 0.0380645 0.0388707 0.0403246 0.0387166 0.0408240 0.0370052 0.0377919 0.0133869 0.0382042 0.0386008 0.0384850 0.0390266 0.0764454 0.0377967 0.0000000 0.0381911 0.0389300 0.0375701 0.0474984 0.0372804 0.0524922 0.0380976 0.0390941 0.0088313 0.0399697 0.0385906 0.0126730 0.0407118 0.0132859 0.0396814 0.0375230 0.0528817 0.0388516 0.0369839 0.0492722 0.0375647 0.0375464 0.0399953 0.0432725 0.0393264 0.0396543 0.0381779 0.0410292 0.0394054 0.0441820 0.0373542 0.0394405 0.0383787 0.0740515 0.0603004 0.0382195 0.0382464 0.0431496 0.0380697 0.0372845 0.0380532 0.0083719 0.0129295 0.0370526 0.0383259 0.0380145 0.0361684 0.1126307 0.0411527 0.0360613 0.0365414 0.0374137 0.0368842 0.0353911 0.0371660 0.0081428 
D11_T_E12                        0.0158536 0.0228218 0.0193617 0.0107262 0.0107262 0.0107262 0.0107262 0.0118281 0.0130462 0.0109552 0.0106079 0.0106076 0.0103854 0.0017743 0.0303017 0.0359995 0.0122378 0.0150012 0.0096507 0.0148425 0.0265403 0.0018571 0.0118717 0.0121223 0.0017472 0.0028518 0.0141054 0.0031763 0.0149614 0.0108399 0.0110689 0.0359875 0.0099189 0.0116503 0.0118867 0.0049602 0.0405907 0.0112986 0.0381911 0.0000000 0.0059661 0.0036228 0.0201648 0.0108395 0.0281246 0.0147893 0.0118942 0.0310365 0.0129079 0.0119953 0.0359972 0.0132873 0.0357702 0.0148555 0.0122062 0.0287848 0.0124553 0.0128553 0.0214896 0.0108501 0.0113071 0.0145054 0.0165872 0.0074365 0.0130931 0.0025174 0.0166403 0.0125801 0.0183659 0.0125677 0.0166865 0.0121322 0.0658593 0.0513373 0.0120033 0.0067524 0.0088449 0.0113044 0.0103839 0.0115323 0.0301529 0.0346200 0.0108494 0.0047336 0.0056332 0.0114827 0.1069252 0.0150481 0.0118922 0.0106886 0.0110650 0.0124339 0.0045418 0.0111934 0.0302620 
